1499688130	3099.89990	
1499688320	3099.89990	
1499688347	3099.89990	
1499688934	3099.89990	
1499689019	3099.80005	
1499689125	3099.89990	
1499689238	3099.89990	
1499689276	3099.89990	
1499689374	3099.80005	
1499689388	3099.89990	
1499689539	3099.89990	
1499690096	3099.80005	
1499690145	3099.80005	
1499690228	3099.89990	
1499690635	3099.89990	
1499690696	3099.89990	
1499690746	3099.80005	
1499691353	3099.89990	
1499691954	3099.89990	
1499692253	3099.80005	
1499692281	3099.89990	
1499692453	3099.89990	
1499692563	3099.89990	
1499692633	3099.89990	
1499693170	3099.89990	
1499693287	3099.89990	
1499693442	3099.89990	
1499693484	3099.89990	
1499693777	3099.89990	
1499694379	3099.89990	
1499694636	3099.89990	
1499694979	3099.89990	
1499695418	3099.89990	
1499695507	3099.89990	
1499695585	3099.89990	
1499696192	3099.89990	
1499696572	3099.89990	
1499696794	3099.89990	
1499696897	3099.89990	
1499697134	3099.89990	
1499697407	3099.89990	
1499697477	3099.89990	
1499698023	3099.89990	
1499698120	3099.89990	
1499698635	3099.89990	
1499698690	3099.89990	
1499698779	3099.89990	
1499698803	3099.89990	
1499698873	3099.80005	
1499698891	3099.89990	
1499699086	3099.80005	
1499699146	3099.89990	
1499699239	3099.89990	
1499699638	213.95000	
1499699654	39.20000	
1499699664	13.08000	
1499699683	5.74000	
1499699692	2.95000	
1499699706	1.86000	
1499699724	1.33000	
1499699738	1.00000	
1499699752	0.83000	
1499699766	0.65000	
1499699780	0.56000	
1499699790	0.47000	
1499699805	0.41000	
1499699843	0.32000	
1499699856	56.26000	
1499699873	116.87000	
1499699884	196.30000	
1499699898	269.54999	
1499699912	333.04999	
1499699926	403.01001	
1499699944	469.64001	
1499699954	500.01001	
1499699968	500.00000	
1499699982	499.98001	
1499700045	499.97000	
1499700139	499.95999	
1499700153	499.95001	
1499700212	499.94000	
1499700338	499.92001	
1499700407	550.15002	
1499700417	626.33002	
1499700457	797.88000	
1499700470	886.71997	
1499700488	956.57001	
1499700498	999.88000	
1499700512	999.85999	
1499700526	999.84998	
1499700541	999.84003	
1499700597	999.83002	
1499700709	999.82001	
1499700794	999.81000	
1499700826	999.79999	
1499701005	999.78998	
1499701058	999.78003	
1499701201	999.77002	
1499701296	999.76001	
1499701389	999.75000	
1499701524	959.17999	
1499701538	889.35999	
1499701552	816.41998	
1499701571	746.46002	
1499701586	670.37000	
1499701601	597.27002	
1499701611	521.15002	
1499701625	451.14999	
1499701665	282.81000	
1499701677	190.57001	
1499701691	126.98000	
1499701705	56.94000	
1499701719	9.42000	
1499701738	3.35000	
1499701752	1.21000	
1499701762	0.65000	
1499701779	0.30000	
1499701789	0.12000	
1499701803	0.07000	
1499701821	0.04000	
1499701831	0.01000	
1499701849	0.00000	
1499702279	0.00000	
1499702890	0.00000	
1499703136	63.84000	
1499703151	140.25000	
1499703166	213.49001	
1499703182	292.91000	
1499703197	369.26999	
1499703212	439.06000	
1499703227	518.54999	
1499703242	594.72998	
1499703257	664.67999	
1499703272	743.94000	
1499703287	817.09003	
1499703303	896.41998	
1499703318	969.38000	
1499703332	999.78998	
1499703347	999.78003	
1499703399	999.77002	
1499703414	999.76001	
1499703494	999.75000	
1499703714	999.72998	
1499704103	999.72998	
1499704174	999.71997	
1499704258	999.71002	
1499704493	999.70001	
1499704612	999.69000	
1499704707	999.69000	
1499705280	999.67999	
1499705315	999.67999	
1499705475	999.66998	
1499705722	999.65997	
1499705921	999.65997	
1499706071	999.65002	
1499706529	999.65002	
1499706721	999.64001	
1499706894	999.63000	
1499706974	999.62000	
1499707137	999.62000	
1499707400	999.60999	
1499707579	999.62000	
1499707740	999.62000	
1499707894	999.63000	
1499707981	999.64001	
1499708048	999.63000	
1499708352	999.63000	
1499708529	999.62000	
1499708727	999.60999	
1499708905	999.59998	
1499708957	999.59998	
1499709496	999.59003	
1499709563	999.59003	
1499710100	999.58002	
1499710166	999.58002	
1499710566	999.57001	
1499710770	999.57001	
1499710842	999.56000	
1499710933	999.54999	
1499711000	999.53998	
1499711372	999.53998	
1499711771	999.54999	
1499711978	999.54999	
1499712451	999.53998	
1499712588	999.53998	
1499713092	999.54999	
1499713199	999.54999	
1499713802	999.54999	
1499713932	999.53998	
1499714409	999.53998	
1499715015	999.53003	
1499715619	999.53003	
1499716232	999.53003	
1499716465	999.52002	
1499716605	999.51001	
1499716739	999.50000	
1499716834	999.50000	
1499716999	999.51001	
1499717116	999.50000	
1499717159	999.51001	
1499717441	999.51001	
1499717657	999.52002	
1499718042	999.51001	
1499718231	999.50000	
1499718406	999.51001	
1499718655	999.51001	
1499718727	999.50000	
1499719257	999.50000	
1499719867	999.50000	
1499720209	999.48999	
1499720238	999.47998	
1499720275	999.48999	
1499720477	999.48999	
1499720576	999.47998	
1499721083	999.47998	
1499721697	999.47998	
1499722102	999.46997	
1499722305	999.46997	
1499722321	999.46002	
1499722918	999.46002	
1499723527	999.46002	
1499724133	999.46002	
1499724473	999.45001	
1499724732	999.45001	
1499724952	999.44000	
1499725339	999.42999	
1499725565	999.44000	
1499725943	999.44000	
1499726251	999.42999	
1499726554	999.42999	
1499727164	999.42999	
1499727774	999.42999	
1499728050	999.41998	
1499728388	999.41998	
1499728432	999.42999	
1499728991	999.42999	
1499729599	999.42999	
1499730203	999.42999	
1499730721	999.41998	
1499730813	999.41998	
1499730853	999.40997	
1499731172	999.40002	
1499731214	999.40997	
1499731419	999.40997	
1499732022	999.40997	
1499732515	999.41998	
1499732632	999.41998	
1499732700	999.40997	
1499732784	999.40002	
1499732825	999.40997	
1499733244	999.40997	
1499733530	999.40002	
1499733644	999.39001	
1499733865	999.40002	
1499734261	999.39001	
1499734465	999.39001	
1499734585	999.40002	
1499735021	999.39001	
1499735069	999.39001	
1499735552	999.38000	
1499735664	999.38000	
1499735718	999.39001	
1499736267	999.39001	
1499736295	999.38000	
1499736877	999.38000	
1499736936	999.37000	
1499737114	999.38000	
1499737486	999.38000	
1499737504	999.37000	
1499737849	999.39001	
1499737978	999.38000	
1499738086	999.38000	
1499738648	999.37000	
1499738687	999.35999	
1499739291	999.35999	
1499739650	999.34998	
1499739900	999.34998	
1499740512	999.34998	
1499741114	999.34998	
1499741722	999.34998	
1499742326	999.34998	
1499742925	999.34998	
1499743162	999.34003	
1499743542	999.34003	
1499744152	999.34003	
1499744211	999.33002	
1499744755	999.33002	
1499745296	999.32001	
1499745364	999.32001	
1499745722	999.31000	
1499745736	999.32001	
1499745750	999.31000	
1499745969	999.31000	
1499746580	999.31000	
1499747147	999.29999	
1499747183	999.29999	
1499747215	999.31000	
1499747784	999.31000	
1499747943	999.29999	
1499748063	999.31000	
1499748390	999.31000	
1499748996	999.31000	
1499749606	999.31000	
1499750107	999.32001	
1499750213	999.32001	
1499750300	999.33002	
1499750463	999.34003	
1499750589	999.34998	
1499750824	999.34998	
1499750923	999.35999	
1499751073	999.34998	
1499751325	999.35999	
1499751395	999.37000	
1499751435	999.37000	
1499751887	999.35999	
1499752040	999.37000	
1499752097	999.38000	
1499752333	999.37000	
1499752567	999.38000	
1499752643	999.38000	
1499753141	999.39001	
1499753250	999.39001	
1499753656	999.40002	
1499753859	999.40002	
1499754077	999.39001	
1499754460	999.39001	
1499754655	999.40002	
1499754878	999.39001	
1499755069	999.39001	
1499755361	999.40002	
1499755481	999.40997	
1499755672	999.40997	
1499756217	999.40002	
1499756280	999.40002	
1499756842	999.40997	
1499756881	999.41998	
1499757483	999.41998	
1499757774	999.42999	
1499757961	999.41998	
1499758095	999.41998	
1499758123	999.42999	
1499758708	999.42999	
1499759316	999.42999	
1499759787	999.44000	
1499759921	999.44000	
1499759934	1000.40002	
1499759953	1070.09998	
1499759968	1143.09998	
1499759982	1219.30005	
1499759997	1289.00000	
1499760013	1368.30005	
1499760028	1447.40002	
1499760044	1499.69995	
1499760059	1499.69995	
1499760074	1499.69995	
1499760142	1499.69995	
1499760298	1499.69995	
1499760416	1499.59998	
1499760523	1499.59998	
1499760802	1499.59998	
1499760876	1499.59998	
1499761031	1499.59998	
1499761095	1499.59998	
1499761134	1499.59998	
1499761193	1499.59998	
1499761246	1499.59998	
1499761736	1499.59998	
1499761823	1499.59998	
1499762031	1499.59998	
1499762228	1552.40002	
1499762243	1634.80005	
1499762258	1707.40002	
1499762273	1783.50000	
1499762288	1799.69995	
1499762304	1799.69995	
1499762341	1799.69995	
1499762397	1799.69995	
1499762443	1799.69995	
1499762471	1799.69995	
1499762551	1799.69995	
1499762939	1799.69995	
1499763223	1799.69995	
1499763290	1799.69995	
1499763551	1799.69995	
1499763595	1799.69995	
1499763988	1799.69995	
1499764101	1829.09998	
1499764111	1901.80005	
1499764130	1971.30005	
1499764166	1999.59998	
1499764279	1999.59998	
1499764321	1999.59998	
1499764391	1999.59998	
1499764419	1999.59998	
1499764769	1999.59998	
1499765115	1999.59998	
1499765175	1999.59998	
1499765382	1999.59998	
1499765831	2039.50000	
1499765846	2112.19995	
1499765862	2188.10010	
1499765877	2267.10010	
1499765892	2343.00000	
1499765907	2415.50000	
1499765922	2491.30005	
1499765936	2499.80005	
1499765951	2499.80005	
1499765987	2499.80005	
1499766014	2499.80005	
1499766098	2499.69995	
1499766216	2499.69995	
1499766338	2499.69995	
1499766372	2499.69995	
1499766593	2499.69995	
1499766634	2500.10010	
1499766648	2568.89990	
1499766667	2599.89990	
1499766682	2599.89990	
1499766692	2599.89990	
1499766775	2599.89990	
1499766887	2599.89990	
1499767087	2599.89990	
1499767205	2599.89990	
1499767808	2599.89990	
1499767835	2599.89990	
1499768031	2661.10010	
1499768046	2699.89990	
1499768060	2699.89990	
1499768119	2699.89990	
1499768130	2699.89990	
1499768408	2699.89990	
1499768468	2699.80005	
1499768875	2699.80005	
1499769014	2699.80005	
1499769152	2708.30005	
1499769166	2774.69995	
1499769180	2800.00000	
1499769194	2800.00000	
1499769222	2800.00000	
1499769460	2845.00000	
1499769474	2900.10010	
1499769488	2900.10010	
1499769515	2900.10010	
1499769533	2900.10010	
1499769586	2900.10010	
1499769624	2900.10010	
1499769678	2900.00000	
1499769706	2949.50000	
1499769719	3000.00000	
1499769738	3000.00000	
1499769761	3000.00000	
1499769831	2999.89990	
1499769944	3044.69995	
1499769958	3099.89990	
1499770019	3099.89990	
1499770044	3099.89990	
1499770100	3099.89990	
1499770119	3099.89990	
1499770237	3099.89990	
1499770334	3130.00000	
1499770352	3150.00000	
1499770362	3150.00000	
1499770391	3149.89990	
1499770575	3149.89990	
1499770848	3149.89990	
1499771020	3149.89990	
1499771464	3149.89990	
1499771826	3149.89990	
1499772075	3149.89990	
1499772385	3149.89990	
1499772689	3149.89990	
1499772730	3149.89990	
1499773298	3149.89990	
1499773371	3149.89990	
1499773464	3149.89990	
1499773908	3149.89990	
1499774032	3149.89990	
1499774272	3149.89990	
1499774517	3149.89990	
1499775128	3149.89990	
1499775273	3149.89990	
1499775344	3149.89990	
1499775354	3076.39990	
1499775368	3007.10010	
1499775385	3000.00000	
1499775399	2999.89990	
1499775417	2999.89990	
1499775497	2999.89990	
1499775511	2999.89990	
1499775603	2999.89990	
1499775670	2999.89990	
1499775736	2999.89990	
1499776197	2999.89990	
1499776351	2999.89990	
1499776508	2999.89990	
1499776883	2999.89990	
1499776959	2999.89990	
1499777436	2999.89990	
1499777534	2999.89990	
1499777568	2999.89990	
1499778028	2999.89990	
1499778175	2999.89990	
1499778187	2999.89990	
1499778623	2999.89990	
1499778720	2999.89990	
1499778787	2999.89990	
1499778800	2999.89990	
1499778860	2999.89990	
1499778944	2999.89990	
1499779028	2999.89990	
1499779056	2999.89990	
1499779234	2999.89990	
1499779398	2999.89990	
1499779509	2999.89990	
1499779578	2999.89990	
1499779621	2999.89990	
1499779662	2999.89990	
1499779704	2999.89990	
1499779732	2999.89990	
1499779857	2999.89990	
1499780008	2999.89990	
1499780189	2999.89990	
1499780244	2999.89990	
1499780614	2999.89990	
1499780849	2999.89990	
1499781131	2999.89990	
1499781222	2999.89990	
1499781265	2999.89990	
1499781447	2999.89990	
1499781553	2999.89990	
1499781830	2999.89990	
1499781916	2999.89990	
1499782443	2999.89990	
1499782624	2999.89990	
1499783020	2999.89990	
1499783056	2999.89990	
1499783124	2999.89990	
1499783671	2999.89990	
1499783755	2999.89990	
1499783783	2999.89990	
1499784272	2999.89990	
1499784664	2999.89990	
1499784833	2999.89990	
1499784872	2999.89990	
1499784884	2999.89990	
1499785067	2999.89990	
1499785109	2999.89990	
1499785347	2999.89990	
1499785485	2999.89990	
1499785541	2999.89990	
1499786087	2999.89990	
1499786649	2999.89990	
1499786687	2999.89990	
1499787299	2999.89990	
1499787595	2999.89990	
1499787802	2999.89990	
1499787912	2999.89990	
1499788041	2999.89990	
1499788151	2999.89990	
1499788526	2999.89990	
1499788668	2999.89990	
1499789140	2999.89990	
1499789524	2999.89990	
1499789744	2999.89990	
1499790306	2999.89990	
1499790345	2999.89990	
1499790674	2999.89990	
1499790843	2999.89990	
1499790953	2999.89990	
1499791109	2999.89990	
1499791232	2999.89990	
1499791564	2999.89990	
1499792041	2999.89990	
1499792164	2999.89990	
1499792778	2999.89990	
1499792794	2999.89990	
1499793077	2999.89990	
1499793130	2999.89990	
1499793381	2999.89990	
1499793437	2999.89990	
1499793994	2999.89990	
1499794064	2999.89990	
1499794177	2999.89990	
1499794404	2999.89990	
1499794432	2999.89990	
1499794474	2999.89990	
1499794596	2999.89990	
1499794959	2999.89990	
1499795208	2999.89990	
1499795818	2999.89990	
1499796068	2999.89990	
1499796279	2999.89990	
1499796378	2999.89990	
1499796431	2999.89990	
1499796505	2999.89990	
1499796518	2999.89990	
1499796599	2999.89990	
1499796857	2999.89990	
1499796985	2999.89990	
1499797035	2999.89990	
1499797047	2999.89990	
1499797067	149.73000	
1499797082	32.65000	
1499797092	11.20000	
1499797106	4.98000	
1499797124	2.84000	
1499797134	1.67000	
1499797149	1.16000	
1499797163	0.89000	
1499797177	0.73000	
1499797191	0.59000	
1499797205	0.49000	
1499797224	0.41000	
1499797234	0.37000	
1499797248	0.33000	
1499797262	0.29000	
1499797281	0.25000	
1499797290	0.22000	
1499797305	0.18000	
1499797318	0.17000	
1499797337	0.04000	
1499797352	0.00000	
1499797368	0.10000	
1499797398	0.00000	
1499797650	0.00000	
1499797697	70.34000	
1499797713	146.70000	
1499797728	223.14999	
1499797743	296.20001	
1499797759	382.07999	
1499797773	451.88000	
1499797789	528.21997	
1499797804	601.20001	
1499797813	671.10999	
1499797827	740.85999	
1499797841	817.20001	
1499797855	886.97998	
1499797873	950.53003	
1499797884	999.82001	
1499797912	999.81000	
1499797940	999.79999	
1499798081	999.78998	
1499798123	999.78003	
1499798258	999.76001	
1499798467	999.75000	
1499798582	999.73999	
1499798651	999.72998	
1499798866	999.72998	
1499799090	999.71997	
1499799342	999.71002	
1499799478	999.71002	
1499799862	999.70001	
1499800000	999.69000	
1499800085	999.69000	
1499800684	999.69000	
1499800796	999.67999	
1499800983	999.66998	
1499801285	999.66998	
1499801894	999.66998	
1499802228	999.65997	
1499802296	999.65002	
1499802499	999.65002	
1499803104	999.65002	
1499803134	999.64001	
1499803436	999.63000	
1499803486	999.62000	
1499803583	999.63000	
1499803709	999.63000	
1499804246	999.62000	
1499804312	999.62000	
1499804593	999.60999	
1499804915	999.60999	
1499805155	999.62000	
1499805527	999.62000	
1499805746	999.60999	
1499805815	999.62000	
1499806134	999.60999	
1499806341	999.59998	
1499806575	999.60999	
1499806738	999.60999	
1499806946	999.59998	
1499807350	999.59998	
1499807725	999.59003	
1499807962	999.59003	
1499808573	999.59003	
1499808727	999.58002	
1499809183	999.58002	
1499809796	999.58002	
1499810002	999.57001	
1499810030	999.58002	
1499810401	999.58002	
1499811009	999.58002	
1499811230	999.57001	
1499811609	999.57001	
1499811669	999.56000	
1499812214	999.56000	
1499812231	999.54999	
1499812826	999.54999	
1499813437	999.54999	
1499813687	999.53998	
1499813896	999.54999	
1499814052	999.54999	
1499814105	999.53998	
1499814596	999.53003	
1499814651	999.53003	
1499814668	999.53998	
1499815254	999.53998	
1499815282	999.53003	
1499815782	999.53998	
1499815866	999.53998	
1499816476	999.53998	
1499817084	999.53998	
1499817685	999.53998	
1499818191	999.54999	
1499818297	999.54999	
1499818608	999.53998	
1499818869	999.54999	
1499818910	999.54999	
1499818922	999.53998	
1499819554	999.53998	
1499820166	999.53998	
1499820747	999.53998	
1499821374	999.53998	
1499821984	999.53998	
1499822089	999.53003	
1499822473	999.53998	
1499822593	999.53998	
1499823190	999.53998	
1499823265	999.53003	
1499823800	999.53003	
1499824408	999.53003	
1499824870	999.52002	
1499825019	999.52002	
1499825425	999.53003	
1499825620	999.53003	
1499825751	999.52002	
1499826235	999.52002	
1499826573	999.51001	
1499826852	999.51001	
1499827318	999.50000	
1499827392	999.51001	
1499827465	999.51001	
1499828075	999.51001	
1499828266	999.50000	
1499828682	999.50000	
1499829142	999.51001	
1499829293	999.51001	
1499829339	999.50000	
1499829900	999.50000	
1499830324	999.48999	
1499830509	999.48999	
1499831120	999.48999	
1499831721	999.48999	
1499831863	999.50000	
1499832335	999.50000	
1499832627	999.48999	
1499832948	999.48999	
1499833319	999.47998	
1499833546	999.47998	
1499833915	999.46997	
1499834014	999.47998	
1499834148	999.47998	
1499834180	999.48999	
1499834752	999.48999	
1499835011	999.47998	
1499835351	999.47998	
1499835551	999.46997	
1499835650	999.47998	
1499835879	999.46997	
1499835966	999.46997	
1499836584	999.46997	
1499836615	999.47998	
1499836900	999.48999	
1499837185	999.48999	
1499837794	999.48999	
1499838410	999.48999	
1499838928	1034.59998	
1499838944	1107.69995	
1499838959	1186.90002	
1499838976	1269.40002	
1499839013	1456.30005	
1499839032	1499.69995	
1499839050	1499.69995	
1499839066	1499.69995	
1499839091	1499.69995	
1499839167	1499.69995	
1499839538	1499.69995	
1499839620	1499.69995	
1499839822	1499.69995	
1499839955	1520.90002	
1499839971	1603.09998	
1499839988	1682.30005	
1499840004	1764.50000	
1499840019	1799.80005	
1499840034	1799.80005	
1499840093	1799.80005	
1499840121	1799.80005	
1499840238	1799.80005	
1499840397	1799.69995	
1499840483	1799.69995	
1499840546	1799.69995	
1499840866	1799.69995	
1499841463	1799.69995	
1499841555	1818.59998	
1499841570	1894.59998	
1499841585	1973.59998	
1499841601	1999.69995	
1499841611	1999.69995	
1499841630	1999.59998	
1499841698	1999.59998	
1499841770	1999.59998	
1499841857	1999.59998	
1499842061	1999.59998	
1499842079	1999.59998	
1499842368	1999.59998	
1499842462	1999.59998	
1499842519	1999.59998	
1499842583	1999.59998	
1499842664	1999.59998	
1499842748	1999.59998	
1499842959	1999.59998	
1499842988	1999.59998	
1499843060	1999.59998	
1499843272	1999.59998	
1499843806	1999.59998	
1499843878	1999.59998	
1499844118	1999.59998	
1499844342	1999.59998	
1499844479	1999.59998	
1499844738	1999.59998	
1499844767	1999.59998	
1499845087	1999.59998	
1499845144	1999.59998	
1499845217	1999.59998	
1499845344	1999.59998	
1499845693	1999.59998	
1499845807	2010.69995	
1499845822	2083.39990	
1499845838	2156.10010	
1499845853	2232.10010	
1499845863	2310.89990	
1499845882	2380.39990	
1499845897	2456.19995	
1499845912	2499.80005	
1499845937	2499.80005	
1499845979	2499.80005	
1499846035	2499.80005	
1499846053	2499.80005	
1499846147	2499.80005	
1499846245	2499.80005	
1499846298	2499.80005	
1499846428	2499.80005	
1499846510	2499.80005	
1499846902	2499.80005	
1499846975	2499.69995	
1499847273	2499.80005	
1499847380	2499.69995	
1499847505	2538.00000	
1499847522	2599.89990	
1499847537	2599.89990	
1499847548	2599.89990	
1499847735	2599.89990	
1499847760	2599.89990	
1499847972	2599.89990	
1499847985	2599.89990	
1499848110	2599.89990	
1499848141	2599.89990	
1499848377	2599.89990	
1499848713	2599.89990	
1499848827	2599.89990	
1499848860	2599.89990	
1499848874	2599.89990	
1499848984	2599.89990	
1499849228	2659.89990	
1499849237	2699.89990	
1499849256	2699.89990	
1499849319	2699.89990	
1499849332	2699.89990	
1499849349	2699.89990	
1499849360	2699.89990	
1499849534	2699.89990	
1499849715	2699.80005	
1499849919	2699.80005	
1499850260	2699.80005	
1499850522	2699.80005	
1499850635	2699.80005	
1499850650	2763.60010	
1499850664	2800.00000	
1499850678	2800.00000	
1499850710	2800.00000	
1499850720	2800.00000	
1499850734	2800.00000	
1499850917	2800.00000	
1499851125	2800.00000	
1499851194	2800.00000	
1499851450	2800.00000	
1499851618	2800.00000	
1499851736	2800.00000	
1499852062	2800.00000	
1499852339	2800.00000	
1499852355	2800.00000	
1499852380	2800.00000	
1499852597	2800.00000	
1499852763	2844.80005	
1499852777	2900.10010	
1499852791	2900.10010	
1499852805	2900.10010	
1499852861	2900.10010	
1499852943	2900.00000	
1499853321	2900.00000	
1499853556	2900.00000	
1499853739	2900.00000	
1499853895	2900.00000	
1499854159	2900.00000	
1499854311	2900.00000	
1499854636	2900.00000	
1499854774	2900.00000	
1499855387	2900.00000	
1499855638	2900.00000	
1499855923	2900.00000	
1499855999	2900.00000	
1499856560	2900.00000	
1499856614	2900.00000	
1499856673	2900.00000	
1499856963	2900.00000	
1499857194	2966.10010	
1499857233	2999.89990	
1499857321	2999.89990	
1499857360	2999.89990	
1499857604	2999.89990	
1499857797	2999.89990	
1499857836	2999.89990	
1499857849	2999.89990	
1499858341	2999.89990	
1499858453	2999.89990	
1499858654	2999.89990	
1499858787	2999.89990	
1499858902	2999.89990	
1499859067	2999.89990	
1499859285	2999.89990	
1499859542	2999.89990	
1499859628	2999.89990	
1499859671	2999.89990	
1499859790	3050.00000	
1499859815	3050.00000	
1499859829	3050.00000	
1499860045	3050.00000	
1499860269	3050.00000	
1499860455	3050.00000	
1499860536	3050.69995	
1499860555	3099.89990	
1499860569	3099.89990	
1499860611	3099.89990	
1499860876	3099.89990	
1499860952	925.29999	
1499860968	58.95000	
1499860984	14.93000	
1499860994	5.92000	
1499861008	3.08000	
1499861023	1.94000	
1499861037	1.33000	
1499861055	1.00000	
1499861066	0.76000	
1499861080	0.60000	
1499861095	0.53000	
1499861109	0.45000	
1499861127	0.41000	
1499861137	0.34000	
1499861151	0.31000	
1499861166	0.27000	
1499861180	0.23000	
1499861198	0.22000	
1499861208	0.19000	
1499861223	0.17000	
1499861237	0.15000	
1499861255	0.11000	
1499861279	0.08000	
1499861293	0.06000	
1499861325	0.04000	
1499861339	0.03000	
1499861363	0.01000	
1499861377	0.00000	
1499861485	0.00000	
1499861653	50.39000	
1499861671	120.51000	
1499861681	196.85001	
1499861695	260.56000	
1499861713	327.23999	
1499861728	400.38000	
1499861743	476.50000	
1499861753	499.94000	
1499861782	499.92001	
1499861868	499.91000	
1499862023	499.89999	
1499862090	499.89999	
1499862316	499.89001	
1499862390	499.88000	
1499862467	499.87000	
1499862700	499.87000	
1499863097	543.94000	
1499863107	620.07001	
1499863123	693.19000	
1499863136	762.97998	
1499863151	832.92999	
1499863165	909.09998	
1499863179	978.90997	
1499863197	999.83002	
1499863207	999.81000	
1499863264	999.79999	
1499863306	999.79999	
1499863319	999.78998	
1499863476	999.78003	
1499863490	999.77002	
1499863504	1027.80005	
1499863522	1088.09998	
1499863536	1164.19995	
1499863550	1234.00000	
1499863564	1303.69995	
1499863578	1373.40002	
1499863588	1443.00000	
1499863605	1499.90002	
1499863615	1499.90002	
1499863648	1499.90002	
1499863720	1499.90002	
1499863771	1499.90002	
1499863827	1499.90002	
1499863908	1499.90002	
1499863996	1499.80005	
1499864010	1543.09998	
1499864020	1619.09998	
1499864034	1682.40002	
1499864049	1758.30005	
1499864067	1821.59998	
1499864081	1897.40002	
1499864092	1970.09998	
1499864110	1999.80005	
1499864135	1999.80005	
1499864163	1999.80005	
1499864191	1999.80005	
1499864308	1999.80005	
1499864360	1999.69995	
1499864374	1999.69995	
1499864445	2017.69995	
1499864460	2103.10010	
1499864474	2169.39990	
1499864514	2199.80005	
1499864574	2199.80005	
1499864588	2199.80005	
1499864684	2199.69995	
1499864730	2266.80005	
1499864741	2342.69995	
1499864755	2399.80005	
1499864769	2399.80005	
1499864784	2399.80005	
1499864867	2399.69995	
1499864895	2399.69995	
1499864969	2399.69995	
1499865118	2399.69995	
1499865162	2399.69995	
1499865232	2399.69995	
1499865317	2399.69995	
1499865345	2399.69995	
1499865590	2399.69995	
1499865660	2399.69995	
1499865670	2399.69995	
1499865727	2399.69995	
1499866335	2399.69995	
1499866545	2399.69995	
1499866812	2399.69995	
1499866864	2399.69995	
1499866944	2399.69995	
1499867554	2399.69995	
1499867651	2399.69995	
1499868105	2419.60010	
1499868119	2492.30005	
1499868159	2499.80005	
1499868219	2499.80005	
1499868305	2499.80005	
1499868536	2499.80005	
1499868551	2499.80005	
1499868593	2499.80005	
1499868694	2499.80005	
1499868761	2499.80005	
1499868917	2499.80005	
1499869045	2499.80005	
1499869201	2499.80005	
1499869272	2547.30005	
1499869290	2600.00000	
1499869300	2600.00000	
1499869370	2600.00000	
1499869457	2600.00000	
1499869486	2600.00000	
1499869528	2600.00000	
1499869601	2600.00000	
1499869903	2600.00000	
1499869984	2600.00000	
1499870359	2599.89990	
1499870463	2600.00000	
1499870586	2600.00000	
1499870643	2599.89990	
1499870672	2599.89990	
1499871193	2599.89990	
1499871379	2599.89990	
1499871390	2599.89990	
1499871621	2607.80005	
1499871635	2680.39990	
1499871646	2753.00000	
1499871660	2800.10010	
1499871675	2800.10010	
1499871703	2800.10010	
1499871732	2800.10010	
1499871747	2800.10010	
1499871801	2800.10010	
1499871915	2800.10010	
1499872073	2800.10010	
1499872286	2800.00000	
1499872410	2800.00000	
1499872499	2847.19995	
1499872517	73.77000	
1499872532	18.97000	
1499872548	6.57000	
1499872558	3.01000	
1499872572	1.96000	
1499872589	1.21000	
1499872603	0.91000	
1499872623	0.25000	
1499872633	0.00000	
1499872734	0.08000	
1499872749	0.09000	
1499872806	0.08000	
1499872821	0.07000	
1499872835	25.64000	
1499872849	102.32000	
1499872863	172.24001	
1499872877	242.34000	
1499872895	305.81000	
1499872906	382.17001	
1499872920	451.95999	
1499872934	499.98999	
1499872948	499.98001	
1499873015	499.98001	
1499873042	499.97000	
1499873180	499.95999	
1499873208	499.95001	
1499873339	499.94000	
1499873405	499.92999	
1499873625	499.92999	
1499873694	499.92001	
1499873819	499.91000	
1499873916	539.03003	
1499873934	605.67999	
1499873948	675.62000	
1499873962	739.02002	
1499873973	818.52002	
1499873987	888.25000	
1499874002	964.53998	
1499874020	999.88000	
1499874035	999.87000	
1499874045	999.85999	
1499874074	999.84998	
1499874145	999.84003	
1499874229	999.84003	
1499874270	999.83002	
1499874426	999.81000	
1499874624	999.79999	
1499874828	999.78998	
1499875282	999.78003	
1499875437	999.78003	
1499876036	999.78003	
1499876297	999.77002	
1499876307	999.76001	
1499876325	999.77002	
1499876645	999.77002	
1499876692	999.76001	
1499877051	1003.00000	
1499877061	1079.19995	
1499877076	1158.40002	
1499877090	1228.30005	
1499877108	1291.59998	
1499877118	1367.69995	
1499877132	1431.00000	
1499877146	1499.80005	
1499877160	1499.90002	
1499877188	1499.90002	
1499877202	1499.90002	
1499877257	1499.90002	
1499877355	1499.90002	
1499877369	1499.90002	
1499877441	1499.90002	
1499877510	1499.90002	
1499877812	1499.90002	
1499877869	1499.90002	
1499878121	1499.90002	
1499878177	1499.80005	
1499878367	1499.90002	
1499878472	1499.90002	
1499878768	1499.80005	
1499879077	1499.80005	
1499879175	1499.80005	
1499879555	1518.80005	
1499879569	1588.40002	
1499879584	1658.19995	
1499879597	1727.69995	
1499879612	1797.30005	
1499879626	1866.80005	
1499879640	1936.40002	
1499879680	1999.80005	
1499879708	1999.80005	
1499879740	1999.80005	
1499879794	1999.80005	
1499879880	1999.80005	
1499880075	1999.80005	
1499880104	1999.80005	
1499880291	1999.80005	
1499880502	1999.69995	
1499880773	1999.69995	
1499880899	1999.69995	
1499881280	1999.69995	
1499881505	1999.69995	
1499881717	2061.60010	
1499881731	2131.10010	
1499881750	2199.69995	
1499881762	2199.80005	
1499881818	2199.80005	
1499881850	2199.80005	
1499881891	2199.69995	
1499882014	2199.69995	
1499882110	2199.69995	
1499882233	2199.69995	
1499882345	2199.69995	
1499882632	2199.69995	
1499882675	2212.69995	
1499882717	2392.80005	
1499882734	2399.80005	
1499882744	2399.80005	
1499882759	2399.80005	
1499882791	2399.69995	
1499882917	2399.69995	
1499882928	2399.69995	
1499883041	2399.69995	
1499883325	2399.69995	
1499883352	2399.69995	
1499883366	2467.39990	
1499883380	2536.80005	
1499883398	2600.00000	
1499883412	2600.00000	
1499883469	2600.00000	
1499883499	2600.00000	
1499883566	2600.00000	
1499883623	2605.10010	
1499883641	2665.10010	
1499883654	2700.00000	
1499883693	2700.00000	
1499883721	2700.00000	
1499883863	2699.89990	
1499883931	2699.89990	
1499883943	2699.89990	
1499883957	2763.89990	
1499883977	2800.10010	
1499883986	2800.10010	
1499884000	2800.10010	
1499884098	2800.10010	
1499884186	2800.10010	
1499884337	2800.10010	
1499884450	2800.10010	
1499884464	2868.19995	
1499884478	2900.10010	
1499884531	2900.10010	
1499884547	2900.10010	
1499884562	2900.10010	
1499884661	2900.10010	
1499884787	2905.19995	
1499884801	2974.39990	
1499884819	3000.00000	
1499884834	3000.00000	
1499884860	3000.00000	
1499884973	3000.00000	
1499885086	3000.00000	
1499885140	3000.00000	
1499885241	3000.00000	
1499885503	3000.00000	
1499885549	3000.00000	
1499885742	3000.00000	
1499886087	2999.89990	
1499886354	2999.89990	
1499886954	2999.89990	
1499887235	2999.89990	
1499887405	2999.89990	
1499887556	2999.89990	
1499887796	2999.89990	
1499887968	2999.89990	
1499888157	2999.89990	
1499888340	2999.89990	
1499888358	2999.89990	
1499888382	2999.89990	
1499888762	2999.89990	
1499889364	2999.89990	
1499889968	2999.89990	
1499890583	2999.89990	
1499890754	2999.89990	
1499891193	2999.89990	
1499891799	2999.89990	
1499892408	2999.89990	
1499892494	2999.89990	
1499892962	2999.89990	
1499893014	2999.89990	
1499893254	2999.89990	
1499893336	2999.89990	
1499893380	2999.89990	
1499893617	2999.89990	
1499894085	2999.89990	
1499894233	2999.89990	
1499894303	2999.89990	
1499894462	2999.89990	
1499894504	2999.89990	
1499894557	2999.89990	
1499894712	2999.89990	
1499894835	2999.89990	
1499895437	2999.89990	
1499895548	2999.89990	
1499895772	2999.89990	
1499895814	2999.89990	
1499896037	2999.89990	
1499896273	2999.89990	
1499896568	2999.89990	
1499896645	2999.89990	
1499897185	2999.89990	
1499897252	2999.89990	
1499897347	2999.89990	
1499897503	2999.89990	
1499897856	2999.89990	
1499898193	2999.89990	
1499898207	2999.89990	
1499898456	2999.89990	
1499898724	2999.89990	
1499899067	2999.89990	
1499899685	2999.89990	
1499900297	2999.89990	
1499900392	2999.89990	
1499900419	2999.89990	
1499900906	2999.89990	
1499901508	2999.89990	
1499902108	2999.89990	
1499902399	2999.80005	
1499902538	2999.89990	
1499902566	2999.80005	
1499902605	2999.89990	
1499902675	2999.80005	
1499902714	2999.80005	
1499903092	2999.80005	
1499903320	2999.80005	
1499903430	2999.80005	
1499903681	2999.80005	
1499903846	2999.80005	
1499903924	2999.80005	
1499904232	2999.80005	
1499904445	2999.80005	
1499904531	2999.80005	
1499904818	2999.80005	
1499904960	2999.80005	
1499905138	2999.80005	
1499905288	2999.80005	
1499905576	2999.80005	
1499905768	2999.80005	
1499906117	2999.80005	
1499906185	2999.80005	
1499906287	2999.80005	
1499906373	2999.80005	
1499906444	2999.80005	
1499906511	2999.80005	
1499906966	2999.80005	
1499907110	2999.80005	
1499907316	2999.80005	
1499907351	2999.80005	
1499907368	2999.80005	
1499907577	2999.80005	
1499907802	2999.80005	
1499908193	2999.80005	
1499908806	2999.80005	
1499909415	2999.80005	
1499910016	2999.80005	
1499910242	2999.80005	
1499910412	2999.80005	
1499910442	2999.80005	
1499910499	2999.80005	
1499910624	2999.80005	
1499910753	2999.80005	
1499911009	2999.80005	
1499911019	2999.80005	
1499911230	2999.80005	
1499911842	2999.80005	
1499911898	2999.80005	
1499912139	2999.80005	
1499912241	2999.80005	
1499912449	2999.80005	
1499913056	2999.80005	
1499913496	2999.80005	
1499913658	2999.80005	
1499913751	2999.80005	
1499914267	2999.80005	
1499914593	2999.80005	
1499914876	2999.80005	
1499914974	2999.80005	
1499915003	2999.80005	
1499915046	2999.80005	
1499915488	2999.80005	
1499915851	2999.80005	
1499915884	2999.80005	
1499916096	2999.80005	
1499916270	2999.69995	
1499916285	2999.80005	
1499916443	2999.69995	
1499916527	2999.80005	
1499916695	2999.80005	
1499916799	2999.69995	
1499917304	2999.69995	
1499917909	2999.69995	
1499918063	2999.80005	
1499918106	2999.69995	
1499918513	2999.69995	
1499918558	2999.69995	
1499918683	2999.69995	
1499918935	2999.69995	
1499919032	2999.69995	
1499919119	2999.69995	
1499919509	2999.69995	
1499919649	2999.69995	
1499919717	2999.69995	
1499920329	2999.69995	
1499920414	2999.69995	
1499920560	2999.69995	
1499920626	2999.69995	
1499920710	2999.69995	
1499920932	2999.69995	
1499921055	2999.69995	
1499921535	2999.69995	
1499921591	2999.69995	
1499921830	2999.69995	
1499922149	2999.69995	
1499922332	2999.69995	
1499922573	2999.69995	
1499922612	2999.69995	
1499922750	2999.69995	
1499922778	2999.69995	
1499923105	2999.69995	
1499923204	2999.69995	
1499923260	2999.69995	
1499923357	2999.69995	
1499923823	2999.69995	
1499923907	2999.69995	
1499923957	2999.69995	
1499924167	2999.69995	
1499924569	2999.69995	
1499924739	2999.69995	
1499924926	2999.69995	
1499925025	2999.69995	
1499925066	2999.69995	
1499925175	2999.69995	
1499925231	2999.69995	
1499925329	2999.69995	
1499925402	2999.69995	
1499925482	2999.69995	
1499925528	2999.69995	
1499925593	2999.69995	
1499925718	2999.69995	
1499925736	2999.69995	
1499925785	2999.69995	
1499925993	2999.69995	
1499926282	2999.69995	
1499926300	2999.69995	
1499926392	2999.69995	
1499926432	2999.69995	
1499926478	2999.69995	
1499926674	2999.69995	
1499926936	2999.69995	
1499927004	2999.69995	
1499927295	2999.80005	
1499927392	2999.80005	
1499927611	2999.80005	
1499927846	2999.80005	
1499928216	2999.80005	
1499928256	2999.80005	
1499928270	2999.80005	
1499928298	2999.80005	
1499928829	2999.80005	
1499929029	2999.80005	
1499929262	2999.80005	
1499929441	2999.80005	
1499929724	2999.80005	
1499929767	2999.80005	
1499930045	2999.80005	
1499930116	2999.80005	
1499930649	2999.80005	
1499931087	2999.80005	
1499931253	2999.80005	
1499931355	2999.80005	
1499931687	2999.80005	
1499931852	2999.80005	
1499932218	2999.80005	
1499932463	2999.80005	
1499932480	2999.80005	
1499932782	2999.89990	
1499932894	2999.80005	
1499933076	2999.80005	
1499933287	2999.89990	
1499933445	2999.80005	
1499933676	2999.80005	
1499933836	2999.80005	
1499933861	2999.80005	
1499933875	2999.89990	
1499934280	2999.80005	
1499934448	2999.89990	
1499934881	2999.89990	
1499935077	2999.80005	
1499935147	2999.89990	
